Selection	View	Channel	Begin Time (s)	End Time (s)	Low Freq (Hz)	High Freq (Hz)	Inband Power (dB FS)	Delta Time (s)	Peak Freq (Hz)	NLP	SNR	SQ
1	Spectrogram 1	1	183.061910087	183.872349470	969.700	35880.600	-56.22	0.8104	6914.062	Yes - DC, BP	12.6	
2	Spectrogram 1	1	187.767825637	188.641490787	1373.800	36850.400	-41.04	0.8737	10195.312	Yes - DC, BP	31.4	
3	Spectrogram 1	1	240.310890519	241.908778096	8000.400	27718.600	-66.11	1.5979	12421.875	Yes - FJ	6.6	
4	Spectrogram 1	1	243.531359989	245.209716724	7919.600	26748.800	-64.60	1.6784	14531.250	Yes - FJ	8.4	
5	Spectrogram 1	1	246.664244681	248.244888867	8081.200	26425.600	-66.36	1.5806	25429.688	Yes - FJ	6.3	
6	Spectrogram 1	1	275.776404080	276.207488858	2586.000	12849.100	-55.17	0.4311	3046.875	Yes - DC	17.5	
7	Spectrogram 1	1	278.127745178	278.639299115	2343.600	12849.100	-56.34	0.5116	7500.000	Yes - DC	16.4	
8	Spectrogram 1	1	297.236629294	298.788534495	8162.000	19233.300	-67.24	1.5519	14648.438	No	6.9	
9	Spectrogram 1	1	299.775782163	301.477130087	8485.300	27557.000	-61.60	1.7013	15703.125	Yes - FJ	13.1	
10	Spectrogram 1	1	303.388880560	305.262662395	8162.000	28445.900	-66.11	1.8738	14531.250	Yes - FJ	8.2	
11	Spectrogram 1	1	310.040558061	311.592463262	7353.900	26264.000	-65.79	1.5519	13828.125	Yes - FJ	8.6	
12	Spectrogram 1	1	315.698661185	316.940185346	7919.600	26264.000	-63.86	1.2415	14882.812	Yes - FJ	10.7	
13	Spectrogram 1	1	364.015945701	365.077799515	8081.200	26264.000	-68.80	1.0619	8906.250	Yes - FJ	7.2	
14	Spectrogram 1	1	373.336759451	375.066846360	7838.800	26021.500	-67.79	1.7301	10546.875	Yes - FJ	14.7	
15	Spectrogram 1	1	377.506907654	378.777170800	7919.600	26506.400	-72.02	1.2703	8437.500	Yes - FJ	10.3	
16	Spectrogram 1	1	392.590619511	393.441293473	8323.700	26829.700	-71.29	0.8507	16757.812	Yes - FJ	8.4	
17	Spectrogram 1	1	394.096542336	395.407040061	6707.400	26183.200	-70.87	1.3105	11601.562	Yes - FJ	8.9	
18	Spectrogram 1	1	404.216412289	405.808552069	7596.300	27072.100	-75.12	1.5921	10078.125	Yes - FJ	7	
19	Spectrogram 1	1	413.305642242	414.903529819	8162.000	26668.000	-74.70	1.5979	9023.438	Yes - FJ	7.5	
20	Spectrogram 1	1	425.876658177	427.313607437	6465.000	26587.200	-69.10	1.4369	13593.750	Yes - FJ	11.6	
21	Spectrogram 1	1	430.731367538	432.513184621	5899.300	26264.000	-67.34	1.7818	11835.938	Yes - FJ	13.8	
22	Spectrogram 1	1	433.954443857	435.282184973	8000.400	27314.500	-69.11	1.3277	12070.312	Yes - FJ	11.9	
23	Spectrogram 1	1	454.739002260	455.808092509	6141.700	19152.500	-79.40	1.0691	15937.500	No	8.2	
24	Spectrogram 1	1	458.933369475	459.985216333	6384.200	18748.400	-68.63	1.0518	7500.000	No	13	
25	Spectrogram 1	1	474.727942633	476.343073602	7515.500	26910.500	-69.12	1.6151	24257.812	Yes - FJ	8.9	
26	Spectrogram 1	1	486.113614555	487.435607874	7273.100	26829.700	-74.93	1.3220	11250.000	Yes - FJ	6.1	
27	Spectrogram 1	1	498.880558900	500.455455290	7758.000	26910.500	-70.67	1.5749	11132.812	Yes - FJ	11	
28	Spectrogram 1	1	501.328958035	502.765907295	7758.000	26668.000	-67.85	1.4369	10664.062	Yes - FJ	13.9	
29	Spectrogram 1	1	504.278268991	505.789939613	7434.700	26748.800	-66.27	1.5117	14882.812	Yes - FJ	15.6	
30	Spectrogram 1	1	506.872232785	507.786132514	9293.400	26748.800	-66.88	0.9139	16289.062	Yes - FJ	15	
31	Spectrogram 1	1	509.825148639	511.285089087	7111.500	26668.000	-67.25	1.4599	13828.125	Yes - Fj	14.6	
32	Spectrogram 1	1	514.133817281	515.771939438	8081.200	27314.500	-68.94	1.6381	14531.250	Yes - FJ	12.8	
33	Spectrogram 1	1	518.147488345	519.595933199	7111.500	27961.000	-67.52	1.4484	15703.125	Yes - FJ	14.3	
34	Spectrogram 1	1	532.045288480	534.022530662	6303.400	26264.000	-67.58	1.9772	10312.500	Yes - FJ	14.2	
35	Spectrogram 1	1	535.432525266	536.875222324	6949.800	26183.200	-68.40	1.4427	24023.438	Yes - FJ	13.4	
36	Spectrogram 1	1	545.705076898	547.337451257	8000.400	27152.900	-66.69	1.6324	15820.312	Yes - FJ	15.1	
37	Spectrogram 1	1	548.685436715	550.151124960	8000.400	27152.900	-74.38	1.4657	23671.875	Yes - FJ	6.8	
38	Spectrogram 1	1	557.176403668	558.969716344	7677.200	26910.500	-64.03	1.7933	13828.125	Yes - FJ	17.9	
39	Spectrogram 1	1	560.018173046	562.018406416	5737.700	27072.100	-64.13	2.0002	10781.250	Yes - FJ	17.8	
40	Spectrogram 1	1	563.072524111	564.842845599	6788.200	26748.800	-71.43	1.7703	20976.562	Yes - FJ	10.1	
41	Spectrogram 1	1	582.112661465	583.055300180	7596.300	18586.800	-78.01	0.9426	9726.562	No	8.9	
42	Spectrogram 1	1	586.813315724	588.411203302	8000.400	27072.100	-66.17	1.5979	11132.812	Yes - FJ	20.4	
43	Spectrogram 1	1	587.738635447	589.210071490	6869.000	18506.000	-68.43	1.4714	11132.812	Yes - FJ, DC?	18.1	
44	Spectrogram 1	1	589.399748792	589.853824758	8889.300	13980.500	-77.04	0.4541	11601.562	No	9.1	
45	Spectrogram 1	1	595.020705091	596.526627916	7677.200	26748.800	-71.34	1.5059	12304.688	Yes - FJ	15.2	
46	Spectrogram 1	1	597.406457370	598.728450690	6626.600	28122.600	-78.98	1.3220	14414.062	Yes - FJ	6.8	
47	Spectrogram 1	1	862.720032770	864.375398318	7677.200	11637.000	-67.25	1.6554	10429.688	No	13.5	
48	Spectrogram 1	1	864.956417927	866.272663449	7838.800	11960.200	-71.58	1.3162	9843.750	No	8.8	
49	Spectrogram 1	1	869.405618141	870.457465000	7353.900	15435.100	-70.77	1.0518	14062.500	Yes - FJ	9.7	
50	Spectrogram 1	1	870.095353786	870.992010124	6869.000	17778.700	-70.11	0.8967	14062.500	No	10.4	
51	Spectrogram 1	1	870.940279951	871.808197304	7677.200	15354.300	-72.73	0.8679	12304.688	No	7.5	
52	Spectrogram 1	1	871.509311858	872.285264458	7192.300	18263.600	-72.57	0.7760	12304.688	No	7.7	
53	Spectrogram 1	1	872.590963121	873.303689954	12849.100	15435.100	-77.47	0.7127	14062.500	No	6.4	
54	Spectrogram 1	1	888.596339238	890.217218003	9455.000	15596.800	-76.17	1.6209	13593.750	Yes - FJ	6.4	
55	Spectrogram 1	1	910.783365720	912.036385475	7677.200	11152.100	-71.34	1.2530	11132.812	Yes - DC?	17	
56	Spectrogram 1	1	912.789838996	913.295645135	8808.500	10909.600	-76.28	0.5058	10312.500	No	11.9	
57	Spectrogram 1	1	968.311319761	968.759647930	7515.500	15435.100	-72.12	0.4483	14414.062	No	9.9	
58	Spectrogram 1	1	969.555277163	970.440437907	7353.900	15515.900	-74.73	0.8852	14648.438	Yes - FJ	6.9	
59	Spectrogram 1	1	979.803626587	981.119872109	8242.800	15435.100	-71.71	1.3162	14882.812	Yes - FJ	6.7	
60	Spectrogram 1	1	989.310285649	990.132220626	8566.100	11637.000	-74.32	0.8219	11367.188	No	10.9	
61	Spectrogram 1	1	1031.545512004	1033.195129755	7273.100	27072.100	-58.07	1.6496	13828.125	Yes - FJ	25.5	
62	Spectrogram 1	1	1037.860578322	1039.441222508	7434.700	26748.800	-63.50	1.5806	9492.188	Yes - FJ	8	
63	Spectrogram 1	1	1041.800171333	1043.191138217	7838.800	28850.000	-58.62	1.3910	9960.938	Yes - FJ	13.3	
64	Spectrogram 1	1	1043.632988475	1044.621609566	9293.400	26668.000	-64.65	0.9886	10312.500	Yes - FJ	10.3	
65	Spectrogram 1	1	1055.880116644	1056.943459097	6141.700	14788.600	-69.97	1.0633	12187.500	Yes - FJ	6.8	
66	Spectrogram 1	1	1059.232785446	1060.882403197	7838.800	27152.900	-64.95	1.6496	16054.688	Yes - FJ	11.9	
67	Spectrogram 1	1	1075.100787745	1076.905596016	7434.700	25698.300	-65.90	1.8048	14296.875	Yes - FJ	10.9	
68	Spectrogram 1	1	1086.756637477	1088.431131658	7838.800	26344.800	-64.71	1.6745	8789.062	Yes - FJ	12.2	
69	Spectrogram 1	1	1096.278177591	1097.899835791	7758.000	26829.700	-67.66	1.6217	11132.812	Yes - FJ	8.9	
70	Spectrogram 1	1	1101.483440538	1102.901883424	8162.000	26991.300	-72.41	1.4184	14179.688	Yes - FJ	7.4	
71	Spectrogram 1	1	1108.768113777	1110.401964895	8000.400	26183.200	-61.54	1.6339	13476.562	Yes - FJ	19.9	
72	Spectrogram 1	1	1122.505790312	1124.253442005	7838.800	26264.000	-67.62	1.7477	12187.500	Yes - FJ	8.3	
73	Spectrogram 1	1	1130.263423181	1131.706251905	7515.500	27233.700	-65.56	1.4428	9375.000	Yes - FJ	10.6	
74	Spectrogram 1	1	1141.645847811	1143.320341991	7434.700	26829.700	-66.56	1.6745	9140.625	Yes - FJ	9.5	
75	Spectrogram 1	1	1146.922270146	1148.401677627	8242.800	27557.000	-69.57	1.4794	14179.688	Yes - FJ	6	
76	Spectrogram 1	1	1149.476141846	1150.906777651	6707.400	26748.800	-67.34	1.4306	15937.500	Yes - FJ	8.6	
77	Spectrogram 1	1	1156.815188296	1158.566904296	7838.800	27961.000	-67.41	1.7517	9492.188	Yes - FJ	8.5	
78	Spectrogram 1	1	1161.880269763	1162.672809484	6949.800	13899.700	-69.66	0.7925	9960.938	No	8.7	
79	Spectrogram 1	1	1190.697832153	1192.408905090	7838.800	26748.800	-67.61	1.7111	20390.625	Yes - FJ	12.4	
80	Spectrogram 1	1	1193.737382082	1195.318397219	7758.000	26506.400	-70.01	1.5810	11484.375	Yes - FJ	9.8	
81	Spectrogram 1	1	1197.180796760	1198.721168835	8162.000	27314.500	-73.06	1.5404	8203.125	Yes - FJ	6.3	
82	Spectrogram 1	1	1212.712834340	1214.334492539	7677.200	26344.800	-69.90	1.6217	24960.938	Yes - FJ	10	
83	Spectrogram 1	1	1246.468482329	1248.159233735	8081.200	25617.500	-70.56	1.6908	8203.125	Yes - FJ	9.2	
84	Spectrogram 1	1	1249.865152790	1251.356753189	7758.000	27637.800	-67.66	1.4916	8320.312	Yes - FJ	12.4	
85	Spectrogram 1	1	1251.962309347	1253.210051370	8485.300	27314.500	-69.89	1.2477	12187.500	Yes - FJ	10	
86	Spectrogram 1	1	1255.595253522	1257.212847415	7111.500	26344.800	-69.92	1.6176	7851.562	Yes - FJ	9.9	
87	Spectrogram 1	1	1259.223105832	1260.316404217	7758.000	18586.800	-69.05	1.0933	8085.938	No	10.9	
88	Spectrogram 1	1	1282.501603715	1283.830631864	8162.000	27072.100	-56.68	1.3290	20156.250	Yes - FJ	10.7	
89	Spectrogram 1	1	1289.684149149	1291.309871654	8162.000	26264.000	-72.90	1.6257	14062.500	Yes - FJ	9.6	
90	Spectrogram 1	1	1295.461450046	1297.233487577	8242.800	18344.400	-70.18	1.7720	11250.000	No	15.7	
91	Spectrogram 1	1	1297.760298010	1298.540644812	8808.500	12525.900	-72.77	0.7803	9492.188	No	13	
92	Spectrogram 1	1	1302.797931707	1304.114766937	7677.200	18344.400	-67.98	1.3168	15703.125	No	16.6	
93	Spectrogram 1	1	1303.151526352	1304.488683113	7353.900	19475.700	-67.58	1.3372	15703.125	No	17	
94	Spectrogram 1	1	1321.041896625	1322.618847455	7838.800	26910.500	-72.19	1.5770	18164.062	Yes - FJ	6.8	
95	Spectrogram 1	1	1324.960327726	1326.269034343	7192.300	27072.100	-72.12	1.3087	9843.750	Yes - FJ	6.9	
96	Spectrogram 1	1	1327.388726080	1328.941291073	7758.000	25940.700	-69.38	1.5526	10078.125	Yes - FJ	10	
97	Spectrogram 1	1	1330.508043760	1332.178473635	8000.400	28769.100	-63.59	1.6704	10429.688	Yes - FJ	16.1	
98	Spectrogram 1	1	1331.259940419	1332.954756131	7919.600	17293.800	-63.40	1.6948	10429.688	No	16.3	
99	Spectrogram 1	1	1333.219911553	1334.760283628	7758.000	26506.400	-63.16	1.5404	15585.938	Yes - FJ	16.6	
100	Spectrogram 1	1	1336.141079218	1337.648936842	8727.700	26668.000	-66.63	1.5079	16289.062	Yes - FJ	13	
101	Spectrogram 1	1	1342.740415810	1344.809147698	7838.800	28445.900	-67.00	2.0687	13476.562	Yes - FJ	12.6	
102	Spectrogram 1	1	1351.268225581	1352.812661961	7838.800	26587.200	-65.07	1.5444	11601.562	Yes - FJ	14.6	
103	Spectrogram 1	1	1352.875626863	1354.371291569	8162.000	26344.800	-65.98	1.4957	13945.312	Yes - FJ	13.6	
104	Spectrogram 1	1	1370.740048884	1372.382028615	7515.500	26668.000	-66.04	1.6420	14882.812	Yes - FJ	14.1	
105	Spectrogram 1	1	1378.376769060	1379.900883909	8000.400	26264.000	-75.54	1.5241	15937.500	Yes - FJ	6.1	
106	Spectrogram 1	1	1384.190176169	1385.771191306	7919.600	26425.600	-71.53	1.5810	14882.812	Yes - FJ	10.7	
107	Spectrogram 1	1	1386.954877178	1388.544020927	7677.200	26668.000	-72.95	1.5891	15000.000	Yes - FJ	9.1	
108	Spectrogram 1	1	1393.323552069	1394.835474000	8000.400	27799.400	-75.85	1.5119	9609.375	Yes - FJ	9.4	
109	Spectrogram 1	1	1404.367150240	1405.314133600	8889.300	26748.800	-71.32	0.9470	25312.500	Yes - FJ	14.2	
110	Spectrogram 1	1	1409.101993957	1410.719587851	7838.800	26425.600	-70.79	1.6176	11718.750	Yes - FJ	14	
111	Spectrogram 1	1	1415.332487968	1416.840345592	6626.600	26425.600	-75.57	1.5079	15468.750	Yes - FJ	8.9	
112	Spectrogram 1	1	1436.614929541	1438.228459128	7353.900	26991.300	-72.03	1.6135	12656.250	Yes - FJ	11.6	
113	Spectrogram 1	1	1446.120177563	1447.327276524	8000.400	26506.400	-67.67	1.2071	21210.938	No	16.2	
114	Spectrogram 1	1	1446.866484336	1447.890998579	8404.500	19007.220	-69.49	1.0245	12773.438	No	12.5	
115	Spectrogram 1	1	1449.621527295	1450.645732473	7677.200	19233.300	-72.51	1.0242	11718.750	No	11.1	
116	Spectrogram 1	1	1451.600311559	1452.738317313	7838.800	26102.300	-69.17	1.1380	10312.500	Yes - FJ	14.6	
117	Spectrogram 1	1	1452.063642473	1452.652966881	7030.700	26748.800	-66.92	0.5893	10312.500	No	16.9	
118	Spectrogram 1	1	1452.799281907	1454.002316561	8889.300	27233.700	-73.68	1.2030	13125.000	Yes - FJ	9.8	
119	Spectrogram 1	1	1456.510427856	1457.237938677	9131.800	18101.900	-72.96	0.7275	11132.812	No	10.6	
120	Spectrogram 1	1	1457.809469217	1458.480079751	404.100	41699.100	-52.86	0.6706	937.500	No	31.1	
121	Spectrogram 1	1	1458.626876711	1459.687660646	8485.300	26748.800	-73.53	1.0608	17109.375	Yes - FJ	10	
122	Spectrogram 1	1	1460.867796828	1461.973288131	8646.900	26506.400	-69.85	1.1055	11718.750	Yes - FJ	13.9	
123	Spectrogram 1	1	1462.463582410	1463.268315050	8000.400	18021.100	-70.00	0.8047	9609.375	No	13.8	
124	Spectrogram 1	1	1483.344176428	1483.974143899	1454.600	24162.800	-69.05	0.6300	1992.188	Yes - DC, BP	14.7	3
125	Spectrogram 1	1	1496.405651451	1497.218512704	7192.300	14627.000	-73.20	0.8129	7265.625	No	10.3	
126	Spectrogram 1	1	1502.004666824	1502.837849608	7434.700	13818.900	-76.23	0.8332	9492.188	No	6.9	
127	Spectrogram 1	1	1506.662302552	1507.641800362	7758.000	21011.200	-80.81	0.9795	9140.625	No	6.4	
128	Spectrogram 1	1	1447.766105329	1448.659572430	8339.350	18249.097	-75.61	0.8935	17460.938	No		2
