Selection	View	Channel	Begin Time (s)	End Time (s)	Low Freq (Hz)	High Freq (Hz)	Delta Time (s)	Inband Power (dB FS)	Peak Freq (Hz)	NLP	SNR	SQ	Notes
1	Spectrogram 1	2	57.745470346	58.360605619	864.400	80679.100	0.6151	-51.84	2812.500	Yes - BP, DC		2	
2	Spectrogram 1	2	67.100573858	67.728392333	576.300	42138.300	0.6278	-38.39	9609.375	Yes - BP, DC		2	
3	Spectrogram 1	2	79.021501469	79.471755122	1008.400	41922.200	0.4503	-47.84	13710.938	Yes - BP, DC		2	
4	Spectrogram 1	2	79.541512731	79.985424784	720.300	42138.300	0.4439	-40.39	12187.500	Yes - DC		1	
5	Spectrogram 1	2	92.979709250	93.645577329	792.300	41490.000	0.6659	-53.18	6562.500	Yes - BP, DC		2	
6	Spectrogram 1	2	95.662658149	96.074862198	1152.500	41418.000	0.4122	-55.01	3281.250	Yes - BP, DC		2	May be conspecific
7	Spectrogram 1	2	96.081203798	96.429991840	792.300	41778.100	0.3488	-47.34	11718.750	Yes - DC		1	
8	Spectrogram 1	2	97.622212782	98.357838470	1080.500	42210.300	0.7356	-57.35	3046.875	Yes - BP, DC		2	
9	Spectrogram 1	2	99.410544195	99.778357039	864.400	41562.000	0.3678	-54.89	1171.875	Yes - DC		2	
10	Spectrogram 1	2	108.350298242	108.965433515	1296.600	39761.300	0.6151	-60.88	13007.812	Yes - BP, DC		2	
11	Spectrogram 1	2	110.506442499	111.127919373	1224.500	40553.600	0.6215	-61.38	7968.750	Yes - BP		2	Ask abt DC
12	Spectrogram 1	2	143.145340366	143.513153210	720.300	39473.100	0.3678	-59.13	8554.688	Yes - BP		1	
13	Spectrogram 1	2	145.846636388	146.290548441	1008.400	41778.100	0.4439	-60.53	3281.250	Yes - BP		2	
14	Spectrogram 1	2	149.651709781	150.070255431	864.400	41562.000	0.4185	-62.05	3281.250	Yes - BP		2	
15	Spectrogram 1	2	152.468397035	152.886942684	792.300	40985.800	0.4185	-62.15	3046.875	Yes - BP		2	
16	Spectrogram 1	2	154.918553233	155.559054909	360.200	41706.100	0.6405	-53.69	30117.188	Yes - BP		3	
17	Spectrogram 1	2	159.036900668	159.671060744	720.300	42138.300	0.6342	-52.06	34804.688	Yes - BP		2	
18	Spectrogram 1	2	167.507206850	168.185758131	864.400	40265.500	0.6786	-46.30	29531.250	Yes - BP		2	
19	Spectrogram 1	2	171.749901465	172.498210354	936.400	40985.800	0.7483	-44.42	28828.125	Yes - BP		2	
20	Spectrogram 1	2	179.691840768	180.421124855	792.300	41418.000	0.7293	-45.71	24375.000	Yes - BP		2	
21	Spectrogram 1	2	182.810451422	183.539735508	792.300	41490.000	0.7293	-53.48	27539.062	Yes - BP		2	
22	Spectrogram 1	2	185.708562967	186.437847054	1152.500	41994.200	0.7293	-50.84	28007.812	Yes - BP		2	
23	Spectrogram 1	2	190.096784109	190.851434599	864.400	41850.200	0.7547	-44.81	27773.438	Yes - BP		2	
24	Spectrogram 1	2	193.133851832	193.844111116	864.400	41850.200	0.7103	-52.05	29414.062	Yes - BP		2	
25	Spectrogram 1	2	196.062835672	196.773094956	792.300	41994.200	0.7103	-45.20	35742.188	Yes - BP		2	
26	Spectrogram 1	2	199.494988488	200.230614176	720.300	41850.200	0.7356	-47.01	35625.000	Yes - BP		2	
27	Spectrogram 1	2	408.724961024	409.251313887	11020.800	19736.600	0.5264	-73.54	13593.750	Yes - FJ		1	
28	Spectrogram 1	2	410.203225979	410.336399595	12821.600	14190.200	0.1332	-82.53	13242.188	No		2	
29	Spectrogram 1	2	410.437865207	410.754945245	9220.000	13758.000	0.3171	-80.67	9726.562	No		2	
30	Spectrogram 1	2	413.701999538	415.927901403	6482.800	16783.300	2.2259	-80.74	9023.438	No		2	
31	Spectrogram 1	2	418.399329940	419.350570054	7995.500	16063.000	0.9512	-78.92	9375.000	No		2	
32	Spectrogram 1	2	422.723460247	423.826898778	4393.900	12389.400	1.1034	-76.98	8671.875	No		1	
33	Spectrogram 1	2	425.023953633	425.861044932	9868.300	15630.800	0.8371	-84.44	12656.250	Yes - FJ		3	
34	Spectrogram 1	2	428.551566450	429.642321780	8499.700	20168.800	1.0908	-82.89	9257.812	No		2	
35	Spectrogram 1	2	430.424298140	431.350171850	10012.300	17503.600	0.9259	-67.33	12187.500	No		1	
36	Spectrogram 1	2	432.402877576	433.449241700	5978.600	12821.600	1.0464	-75.10	9257.812	No		1	
37	Spectrogram 1	2	434.926332107	436.486365893	8427.700	15630.800	1.5600	-70.19	8789.062	No		2	
38	Spectrogram 1	2	438.208480422	438.506535657	9652.200	12461.400	0.2981	-77.21	9960.938	No		1	
39	Spectrogram 1	2	447.766791827	448.223387082	10444.500	15126.600	0.4566	-81.82	13476.562	No		2	
40	Spectrogram 1	2	452.070677712	452.799961799	2377.000	41706.100	0.7293	-67.97	6210.938	Yes - BP		2	
41	Spectrogram 1	2	462.622988409	463.009826055	1728.800	31477.700	0.3868	-65.13	3515.625	Yes - DC		3	
42	Spectrogram 1	2	463.270497966	463.473429190	9940.300	13109.700	0.2029	-82.19	10312.500	No		2	
43	Spectrogram 1	2	468.914985816	469.200357850	11308.900	15414.700	0.2854	-82.32	12304.688	Yes - FJ		3	
44	Spectrogram 1	2	470.899404283	471.095993907	8931.900	12677.500	0.1966	-78.71	9375.000	Yes - FJ		3	
45	Spectrogram 1	2	489.076515834	489.678967906	4754.100	41706.100	0.6025	-69.56	24726.562	Yes - DC		3	
46	Spectrogram 1	2	490.275078377	490.852164045	5906.600	41562.000	0.5771	-67.77	21562.500	Yes - DC		3	
47	Spectrogram 1	2	490.883872049	491.289734497	6770.900	15054.500	0.4059	-78.58	9257.812	Yes - BP		3	
48	Spectrogram 1	2	491.974627379	492.735619470	4105.800	41201.900	0.7610	-68.17	21679.688	Yes - DC		3	
49	Spectrogram 1	2	619.140869371	619.419899804	15408.200	58979.600	0.2790	-68.27	30820.312	No		3	
50	Spectrogram 1	2	652.184048429	653.629933402	1530.600	18775.500	1.4459	-67.10	2578.125	Yes - DC		2	
51	Spectrogram 1	2	703.514457899	703.698364321	18265.300	59183.700	0.1839	-72.13	29765.625	No		3	
52	Spectrogram 1	2	720.602338907	720.817953333	14489.800	59795.900	0.2156	-65.27	30703.125	No		3	
53	Spectrogram 1	2	756.375952714	757.086211999	1632.700	19387.800	0.7103	-61.02	2929.688	No		3	
54	Spectrogram 1	2	772.771627793	773.031633423	16326.500	58775.500	0.2600	-63.65	31523.438	Yes - DC		3	
55	Spectrogram 1	2	809.130972876	810.050504985	4591.800	10102.000	0.9195	-81.70	7968.750	No		2	
56	Spectrogram 1	2	822.723220040	822.850052056	12857.100	58877.600	0.1268	-63.64	28359.375	Yes - DC		3	
57	Spectrogram 1	2	837.902780862	838.346692915	10918.400	19285.700	0.4439	-83.44	19218.750	No		3	
58	Spectrogram 1	2	838.632064949	839.050610599	9693.900	18469.400	0.4185	-80.18	18398.438	No		3	
59	Spectrogram 1	2	839.919409902	840.350638753	11428.600	17857.100	0.4312	-89.76	13593.750	No		3	
60	Spectrogram 1	2	840.686800063	841.143395318	9489.800	16224.500	0.4566	-90.24	10078.125	No		3	
61	Spectrogram 1	2	852.476121067	852.590269880	6326.500	8265.300	0.1141	-77.41	6914.062	No		3	
62	Spectrogram 1	2	914.155185318	914.529339763	5918.400	27653.100	0.3742	-67.29	6445.312	No		1	
63	Spectrogram 1	2	915.998806780	916.449060433	3163.300	28265.300	0.4503	-62.42	10781.250	No		1	
64	Spectrogram 1	2	918.262758249	918.776427910	5816.300	25204.100	0.5137	-65.81	8203.125	No		1	
65	Spectrogram 1	2	921.030609995	921.442814044	5816.300	16224.500	0.4122	-63.06	7148.438	No		3	
66	Spectrogram 1	2	937.065779578	937.065779578	24795.900	24795.900	0.0000	-88.51	24843.750				Come to this
67	Spectrogram 1	2	942.758464629	943.075544666	2040.800	11428.600	0.3171	-59.13	6093.750	No		1	
68	Spectrogram 1	2	947.887978231	948.027493447	3163.300	12346.900	0.1395	-72.09	6679.688	No		2	
69	Spectrogram 1	2	948.141642261	948.262132675	3469.400	10306.100	0.1205	-62.73	5625.000	No		1	
70	Spectrogram 1	2	948.382623090	948.509455105	6734.700	10816.300	0.1268	-66.75	7031.250	No		1	
71	Spectrogram 1	2	934.386083334	934.474865745	3061.200	7857.100	0.0888	-79.78	6562.500	No		3	
72	Spectrogram 1	2	936.022216329	936.136365143	3673.500	9795.900	0.1141	-76.69	6796.875	No		2	
73	Spectrogram 1	2	936.282221960	936.383687572	6836.700	8877.600	0.1015	-80.77	7265.625	No		2	
74	Spectrogram 1	2	942.090964522	942.192430134	3775.500	9285.700	0.1015	-78.45	5859.375	No		2	
75	Spectrogram 1	2	942.401702959	942.503168571	7244.900	9285.700	0.1015	-74.93	8320.312	No		2	
76	Spectrogram 1	2	963.980561060	964.101051474	3673.500	11224.500	0.1205	-68.86	8203.125	No		2	
77	Spectrogram 1	2	964.215200288	964.348373904	6836.700	11632.700	0.1332	-59.13	7617.188	No		2	
78	Spectrogram 1	2	1014.431393872	1014.545542685	4693.900	9591.800	0.1141	-74.56	6679.688	No		2	
79	Spectrogram 1	2	1020.499187716	1020.632361332	3163.300	9693.900	0.1332	-81.35	7382.812	No		2	
80	Spectrogram 1	2	1020.803584552	1020.898708563	7040.800	9081.600	0.0951	-79.54	7851.562	No		2	
81	Spectrogram 1	2	1027.091823884	1027.725983960	1632.700	59898.000	0.6342	-62.66	25429.688	No		2	
82	Spectrogram 1	2	1030.304547731	1030.425038145	3163.300	9898.000	0.1205	-72.46	4687.500	No		2	
83	Spectrogram 1	2	1030.545528560	1030.678702175	7142.900	10204.100	0.1332	-72.73	7734.375	No		2	
84	Spectrogram 1	2	1032.526067463	1032.614849873	3061.200	10510.200	0.0888	-65.89	5976.562	No		2	
85	Spectrogram 1	2	1032.741681888	1032.830464299	5918.400	10918.400	0.0888	-75.33	6562.500	No		2	
86	Spectrogram 1	2	1033.008029120	1033.153885937	2959.200	9285.700	0.1459	-79.33	3867.188	No		2	
87	Spectrogram 1	2	1033.274376352	1033.369500363	6428.600	9795.900	0.0951	-75.01	7265.625	No		3	
88	Spectrogram 1	2	1035.123317196	1035.218441208	2755.100	20102.000	0.0951	-58.48	3398.438	No		2	
89	Spectrogram 1	2	1036.465274520	1036.750646554	3265.300	8673.500	0.2854	-75.74	6914.062	No		3	
90	Spectrogram 1	2	1043.058184508	1043.425997352	510.200	59285.700	0.3678	-51.02	34804.688	No		2	
91	Spectrogram 1	2	1061.795661204	1062.131766044	4898.000	10408.200	0.3361	-78.09	8906.250	No		1	
92	Spectrogram 1	2	1107.396113316	1107.522945331	2142.900	13877.600	0.1268	-77.39	2929.688	No		2	
93	Spectrogram 1	2	1110.965593132	1111.155841155	3775.500	15816.300	0.1902	-75.65	11484.375	No		2	
94	Spectrogram 1	2	1122.414379242	1122.877316097	2959.200	35306.100	0.4629	-79.10	3281.250	No		3	
95	Spectrogram 1	2	1127.944543149	1128.046008762	3979.600	9183.700	0.1015	-82.85	5859.375	No		2	
96	Spectrogram 1	2	1128.172840777	1128.293331191	6326.500	8979.600	0.1205	-73.57	6796.875	No		2	
97	Spectrogram 1	2	1129.612384148	1129.739216163	2755.100	9795.900	0.1268	-76.38	3984.375	No		2	
98	Spectrogram 1	2	1129.847023376	1129.980196992	6734.700	11632.700	0.1332	-80.62	7148.438	No		2	
99	Spectrogram 1	2	1131.933410024	1132.047558838	3367.300	9183.700	0.1141	-77.22	7617.188	No		2	
100	Spectrogram 1	2	1132.161707652	1132.301222868	6632.700	10816.300	0.1395	-77.63	7382.812	No		2	
101	Spectrogram 1	2	1134.143438698	1134.276612314	4081.600	9898.000	0.1332	-78.40	7265.625	No		2	
102	Spectrogram 1	2	1134.409785930	1134.523934744	6122.400	10204.100	0.1141	-70.27	6562.500	No		2	
103	Spectrogram 1	2	1136.959109434	1137.092283050	4081.600	9387.800	0.1332	-77.87	5976.562	No		2	
104	Spectrogram 1	2	1137.244481468	1137.352288681	6632.700	8979.600	0.1078	-75.28	7382.812	No		2	
105	Spectrogram 1	2	1138.938082754	1139.071256370	3673.500	9693.900	0.1332	-78.15	4453.125	No		2	
106	Spectrogram 1	2	1139.223454788	1139.331262000	6734.700	9387.800	0.1078	-76.92	8320.312	NO		2	
107	Spectrogram 1	2	1145.320768419	1146.500306159	2346.900	26428.600	1.1795	-67.08	3046.875	No		2	
108	Spectrogram 1	2	1151.009972065	1151.092412875	4795.900	9387.800	0.0824	-76.57	8437.500	No		2	
109	Spectrogram 1	2	1151.250952893	1151.327052103	6530.600	9285.700	0.0761	-70.39	7851.562	No		2	
110	Spectrogram 1	2	1207.454519227	1207.790624067	2653.100	30612.200	0.3361	-59.59	4921.875	No		1	
111	Spectrogram 1	2	1208.088679303	1208.532591356	1632.700	57244.900	0.4439	-43.13	9726.562	No		1	Maybe DC
112	Spectrogram 1	2	1213.498849666	1213.670072886	714.300	59693.900	0.1712	-52.42	21328.125	No		2	
113	Spectrogram 1	2	1223.880688390	1224.185085226	1428.600	53163.300	0.3044	-56.60	5273.438	Yes - BP, DC		2	
114	Spectrogram 1	2	1236.699926542	1236.820416956	3163.300	8163.300	0.1205	-71.46	5273.438	No		2	
115	Spectrogram 1	2	1236.852124960	1236.978956975	14591.800	58877.600	0.1268	-58.45	30234.375	No		2	
116	Spectrogram 1	2	1240.195831356	1240.443153785	1836.700	59285.700	0.2473	-63.38	2109.375	No		2	
117	Spectrogram 1	2	1243.662213532	1244.042709578	5714.300	12346.900	0.3805	-76.57	11835.938	No		2	
118	Spectrogram 1	2	1246.278555938	1246.671735184	4795.900	16836.700	0.3932	-66.01	6914.062	Yes - SB		2	
119	Spectrogram 1	2	1257.238361110	1257.644223558	4285.700	36326.500	0.4059	-62.86	5273.438	No		1	
120	Spectrogram 1	2	1261.977558511	1262.446836967	1326.500	50816.300	0.4693	-62.97	7265.625	Yes - BP, DC		2	
121	Spectrogram 1	2	1275.452229077	1275.648818701	1020.400	59387.800	0.1966	-65.30	2695.312	No		2	
122	Spectrogram 1	2	1299.861733451	1300.024482091	547.438	42289.547	0.1627	-49.93	585.938	No		2	Probably not vocalization
123	Spectrogram 1	2	1302.500043495	1302.642448555	1779.172	41605.251	0.1424	-59.83	24843.750	Yes		3	Probably not vocal
124	Spectrogram 1	2	1311.379981723	1311.595757973	1085.271	7674.419	0.2158	-75.43	1289.062	No		3	
125	Spectrogram 1	2	1311.682068473	1312.077658266	620.155	29069.767	0.3956	-68.89	7265.625	Yes - BP		3	
126	Spectrogram 1	2	1313.876663584	1314.272253377	1162.791	29224.806	0.3956	-66.83	24960.938	Yes - BP		3	
127	Spectrogram 1	2	1314.775731295	1314.948352295	2093.023	4961.240	0.1726	-79.61	3046.875	No		2	
128	Spectrogram 1	2	1315.085010587	1315.379904796	1395.349	29922.481	0.2949	-56.46	29648.438	Yes - BP, DC		3	
129	Spectrogram 1	2	1317.446633674	1317.806260759	1317.829	29457.364	0.3596	-67.98	1992.188	Yes - BP, DC		3	
130	Spectrogram 1	2	1317.993266842	1318.266583427	1007.752	29534.884	0.2733	-56.93	8437.500	Yes - DC		3	
131	Spectrogram 1	2	1318.359917003	1318.560809855	670.391	28324.022	0.2009	-53.49	3164.062	Yes - BP, DC		2	
132	Spectrogram 1	2	1319.388896539	1319.462642017	754.190	29581.006	0.0737	-53.07	25898.438	No		2	
133	Spectrogram 1	2	1321.671565704	1321.841943187	2094.972	22541.899	0.1704	-69.63	8203.125	No?		3	
134	Spectrogram 1	2	1322.073351409	1322.297130789	2346.369	29497.207	0.2238	-61.57	6796.875	No		3	
135	Spectrogram 1	2	1324.301687965	1324.456807762	2430.168	13324.022	0.1551	-81.75	5742.188	Yes - FJ		3	
136	Spectrogram 1	2	1325.223165672	1325.396086102	3519.553	28156.425	0.1729	-75.36	8320.312	No		3	
137	Spectrogram 1	2	1326.438013054	1326.595675799	2011.173	27821.229	0.1577	-68.42	6210.938	Yes - DC		3	
138	Spectrogram 1	2	1338.479666567	1338.698360052	17430.168	57988.827	0.2187	-70.84	18984.375	Yes - DC		3	
139	Spectrogram 1	2	1355.098907793	1355.729558773	6033.520	13491.620	0.6307	-74.26	7617.188	No		1	
140	Spectrogram 1	2	1356.733341512	1357.417394390	5363.128	13994.413	0.6841	-76.90	10195.312	No		1	
141	Spectrogram 1	2	1371.371445803	1371.615568763	1005.587	57653.631	0.2441	-47.80	37031.250	No		1	
142	Spectrogram 1	2	1371.686771293	1371.801203930	2430.168	9301.676	0.1144	-78.42	5625.000	No		3	
143	Spectrogram 1	2	1373.352651095	1373.632375320	670.391	59497.207	0.2797	-58.55	2695.312	Yes - DC		2	
144	Spectrogram 1	2	1373.734093220	1373.851068805	2849.162	10726.257	0.1170	-75.07	7851.562	No		2	
145	Spectrogram 1	2	1387.954853085	1388.074371618	18435.754	42905.028	0.1195	-80.43	24257.812	No		3	
146	Spectrogram 1	2	1389.817919402	1389.912008459	1005.587	58659.218	0.0941	-56.37	35039.062	No		2	
147	Spectrogram 1	2	1392.499831324	1392.662579964	1340.782	59329.609	0.1627	-52.97	52265.625	No		2	
148	Spectrogram 1	2	1393.059279774	1393.562783379	618.557	59536.082	0.5035	-58.49	41250.000	Yes - DC		2	Longer than typical
149	Spectrogram 1	2	1394.675915585	1394.813234750	927.835	59690.722	0.1373	-58.29	48984.375	No		2	
150	Spectrogram 1	2	1397.132435893	1397.480819700	1855.670	14845.361	0.3484	-61.73	5390.625				Weird
151	Spectrogram 1	2	1398.827434996	1398.921524053	2164.948	6030.928	0.0941	-78.99	2460.938	No		3	
152	Spectrogram 1	2	1399.854785786	1400.271829176	1391.753	34639.175	0.4170	-63.49	5742.188				Weird thing repeated
153	Spectrogram 1	2	1403.031890948	1403.413333073	1546.392	21804.124	0.3814	-69.95	5625.000				Weird n = 3
154	Spectrogram 1	2	1405.882102762	1406.273716677	1701.031	21649.485	0.3916	-73.36	6093.750				n = 4 + whistles
155	Spectrogram 1	2	1411.982683348	1412.114916618	3092.784	15154.639	0.1322	-71.37	4570.312	No		2	
156	Spectrogram 1	2	1412.198833885	1412.318352418	5103.093	16701.031	0.1195	-76.27	6796.875	No		2	
157	Spectrogram 1	2	1417.826891592	1417.954038967	2706.186	15309.278	0.1271	-71.43	3632.812	Yes - FJ		2	
158	Spectrogram 1	2	1418.017612655	1418.226134350	5025.773	8659.794	0.2085	-75.71	6679.688	No		2	
159	Spectrogram 1	2	1426.884487787	1427.039607585	3556.701	12603.093	0.1551	-76.20	8203.125	No		2	
160	Spectrogram 1	2	1427.082837692	1427.202356225	6185.567	8969.072	0.1195	-78.85	6679.688	No		2	
161	Spectrogram 1	2	1426.429300185	1426.508131557	4097.938	6881.443	0.0788	-82.90	4453.125	No		3	
162	Spectrogram 1	2	1435.910421733	1436.179974168	3092.784	9896.907	0.2696	-75.95	3750.000	No		2	
163	Spectrogram 1	2	1449.438325425	1449.545129220	2783.505	8427.835	0.1068	-72.29	3515.625	No		2	
164	Spectrogram 1	2	1449.654475962	1449.786709232	5644.330	8659.794	0.1322	-86.72	6210.938	No		2	
165	Spectrogram 1	2	1460.910591377	1461.012309277	4097.938	10128.866	0.1017	-77.00	9023.438	No		2	
166	Spectrogram 1	2	1461.103855387	1461.215745077	6030.928	9587.629	0.1119	-79.19	6328.125	No		2	
167	Spectrogram 1	2	1469.287824521	1469.470916741	6030.928	11288.660	0.1831	-73.61	8671.875	Yes - FJ		1	
168	Spectrogram 1	2	1472.884516020	1473.095580663	386.598	19329.897	0.2111	-67.79	820.312	No		2	
169	Spectrogram 1	2	1476.190148114	1476.434271074	541.237	28840.206	0.2441	-60.13	585.938	Yes - DC		2	
170	Spectrogram 1	2	1478.112632936	1478.440673163	1082.474	22577.320	0.3280	-59.19	3984.375	Yes - DC		2	Weird
171	Spectrogram 1	2	1480.157179237	1480.386044512	1701.031	29381.443	0.2289	-57.83	24609.375	Yes - DC		2	
172	Spectrogram 1	2	1480.406388092	1480.520820729	773.196	17551.546	0.1144	-68.74	6562.500	No		2	
173	Spectrogram 1	2	1483.546495921	1483.765189406	2087.629	16855.670	0.2187	-70.71	4101.562	Yes - DC		3	
174	Spectrogram 1	2	1487.887805681	1488.025124846	3402.062	10592.784	0.1373	-70.20	3984.375	No		2	
175	Spectrogram 1	2	1491.776703466	1491.875878418	5567.010	10515.464	0.0992	-77.88	7734.375	No		2	
176	Spectrogram 1	2	1492.145430853	1492.272578228	3247.423	14149.485	0.1271	-66.00	6093.750	No		1	
177	Spectrogram 1	2	1492.346323706	1492.455670448	6108.247	8505.155	0.1093	-75.29	6914.062	No		1	
178	Spectrogram 1	2	1494.712212104	1494.831730636	3170.103	12216.495	0.1195	-60.72	4335.938	No		1	
179	Spectrogram 1	2	1494.923276746	1495.024994646	5721.649	7268.041	0.1017	-73.00	6093.750	No		2	
180	Spectrogram 1	2	1496.965512778	1497.110460786	3247.423	14304.124	0.1449	-63.87	3398.438	No		2	
181	Spectrogram 1	2	1497.204549843	1497.313896586	5798.969	7577.320	0.1093	-79.62	6328.125	No		2	
182	Spectrogram 1	2	1498.338488261	1498.450377951	2396.907	10128.866	0.1119	-80.49	3398.438	No		3	
183	Spectrogram 1	2	1498.562267641	1498.646184909	7190.722	8814.433	0.0839	-77.14	8085.938	No		1	
184	Spectrogram 1	2	1498.740273966	1498.882679026	5025.773	15927.835	0.1424	-67.71	7500.000	No		1	
185	Spectrogram 1	2	1498.943709766	1499.098829564	5489.691	9896.907	0.1551	-73.24	6328.125	No		1	
186	Spectrogram 1	2	1499.960207243	1500.087354618	2783.505	13376.289	0.1271	-69.39	6093.750	No		3	
187	Spectrogram 1	2	1500.171271886	1500.265360943	4871.134	10670.103	0.0941	-71.56	6679.688	No		2	
188	Spectrogram 1	2	1502.004520866	1502.129125294	3556.701	11520.619	0.1246	-76.67	4687.500	No		3	
189	Spectrogram 1	2	1502.220671404	1502.317303409	6262.887	8814.433	0.0966	-85.58	6679.688	No		3	
190	Spectrogram 1	2	1505.182772908	1505.287033755	3479.381	10206.186	0.1043	-71.52	3750.000	No		3	
191	Spectrogram 1	2	1505.386208708	1505.518441978	6411.609	9023.747	0.1322	-78.83	7031.250	No		2	
192	Spectrogram 1	2	1505.858282742	1505.970172432	1741.425	7994.723	0.1119	-76.30	2929.688	No		3	
193	Spectrogram 1	2	1506.099862754	1506.183780022	6569.921	8786.280	0.0839	-80.16	7968.750	No		3	
194	Spectrogram 1	2	1506.753400261	1506.847489319	1424.802	7678.100	0.0941	-71.73	1992.188	No		3	
195	Spectrogram 1	2	1507.909311006	1507.983056484	5540.897	7757.256	0.0737	-77.50	6562.500	No		3	
196	Spectrogram 1	2	1508.084774384	1508.163605756	5620.053	8311.346	0.0788	-73.24	5976.562	No		2	
197	Spectrogram 1	2	1508.534876091	1508.646765781	3087.071	9894.459	0.1119	-66.32	7031.250	No		2	
198	Spectrogram 1	2	1508.728140101	1508.911232321	6015.831	8311.346	0.1831	-71.18	6210.938	No		2	
199	Spectrogram 1	2	1510.601843564	1510.723905044	3562.005	12427.441	0.1221	-64.41	6796.875	No		2	
200	Spectrogram 1	2	1510.790021679	1510.947684424	5699.208	10448.549	0.1577	-76.62	6210.938	No		2	
201	Spectrogram 1	2	1512.968239523	1513.321994475	2040.408	14493.930	0.3538	-59.50	3046.875	No		3	
202	Spectrogram 1	2	1515.616712998	1515.707419396	2462.561	11749.934	0.0907	-57.26	3281.250	No		2	
203	Spectrogram 1	2	1515.825337713	1515.916044111	6754.453	12875.676	0.0907	-69.29	9843.750	No		2	
204	Spectrogram 1	2	1516.628089336	1516.732401693	422.153	39189.898	0.1043	-61.13	8203.125	Yes - DC		2	
205	Spectrogram 1	2	1517.504980415	1517.582080854	3025.432	9428.090	0.0771	-71.18	5507.812	No		2	
206	Spectrogram 1	2	1517.709069811	1517.763493650	5699.070	7739.477	0.0544	-70.56	6445.312	No		2	
207	Spectrogram 1	2	1517.756690670	1517.806579189	1442.357	14740.186	0.0499	-67.24	3398.438	No		2	
208	Spectrogram 1	2	1517.795240889	1517.872341327	4362.251	14705.007	0.0771	-72.36	7617.188	No		3	
209	Spectrogram 1	2	1517.963047725	1518.080966043	6050.864	14775.366	0.1179	-76.90	11484.375	No		2	
210	Spectrogram 1	2	1518.622447952	1518.735830949	703.589	41582.100	0.1134	-57.76	7851.562	Yes - DC		2	
211	Spectrogram 1	2	1519.280069337	1519.588471090	2743.996	40878.511	0.3084	-64.68	5625.000	No		2	
212	Spectrogram 1	2	1521.266187206	1521.506559161	633.230	36868.055	0.2404	-63.41	7734.375	Yes - DC		2	
213	Spectrogram 1	2	1522.744894792	1522.821995230	4854.763	9146.655	0.0771	-75.94	5742.188	No		2	
214	Spectrogram 1	2	1523.307274460	1523.438798737	1266.460	12805.317	0.1315	-65.08	3515.625	No		2	
215	Spectrogram 1	2	1523.742665170	1523.878724767	1055.383	41933.895	0.1361	-56.98	12890.625	Yes - DC		2	
216	Spectrogram 1	2	1525.546631398	1525.818750592	3095.791	13931.059	0.2721	-66.99	4335.938	No		2	
217	Spectrogram 1	2	1525.972951469	1526.140758305	914.665	41652.459	0.1678	-57.79	20507.812	Yes - DC		2	
218	Spectrogram 1	2	1526.735828559	1527.021553712	5699.070	12805.317	0.2857	-72.64	7734.375	No		2	
219	Spectrogram 1	2	1527.769881496	1527.869658534	2743.996	15901.108	0.0998	-67.95	3632.812	No		2	
220	Spectrogram 1	2	1527.946758972	1528.087353889	5558.352	11046.345	0.1406	-72.22	6328.125	No		2	
221	Spectrogram 1	2	1528.734517993	1528.902324829	3095.791	41582.100	0.1678	-51.97	38085.938	Yes - DC		3	
222	Spectrogram 1	2	1529.446563217	1529.809388809	2321.843	16886.132	0.3628	-64.46	6210.938	No		1	
223	Spectrogram 1	2	1536.342909353	1536.655846426	2782.059	12519.268	0.3129	-72.23	7265.625	No		3	
224	Spectrogram 1	2	1538.384928751	1538.534594307	3338.471	13492.988	0.1497	-64.42	7851.562	No		2	
225	Spectrogram 1	2	1538.589018146	1538.743219023	6398.737	11128.238	0.1542	-68.16	7031.250	No		2	
226	Spectrogram 1	2	1538.752289663	1539.051620776	1947.442	21143.652	0.2993	-58.07	4101.562	Yes - SH		2	
227	Spectrogram 1	2	1539.850871473	1539.959719151	2573.405	11406.444	0.1088	-68.70	3984.375	No		2	
228	Spectrogram 1	2	1540.023213629	1540.209161745	5633.670	10363.172	0.1859	-67.66	5976.562	No		2	
229	Spectrogram 1	2	1541.350789172	1541.826997761	1460.581	25942.705	0.4762	-65.73	3867.188	Yes - SH		2	
230	Spectrogram 1	2	1542.638820024	1542.697779182	3199.368	8902.590	0.0590	-75.12	3515.625	No		2	
231	Spectrogram 1	2	1542.720455782	1542.988039656	5981.428	11197.789	0.2676	-75.16	6679.688	No		2	
232	Spectrogram 1	2	1542.983243137	1543.940195636	17387.872	114885.246	0.9570	-54.10	35156.250	No		2	
233	Spectrogram 1	2	1545.087631570	1545.232761807	3477.574	9806.760	0.1451	-80.12	6562.500	No		2	
234	Spectrogram 1	2	1545.269044366	1545.405103963	6190.082	9737.208	0.1361	-82.24	6796.875	No		2	
235	Spectrogram 1	2	1546.809132147	1546.945191744	2851.611	10224.069	0.1361	-78.52	6679.688	No		2	
236	Spectrogram 1	2	1546.963333024	1547.153816460	6816.046	10780.480	0.1905	-80.75	7031.250	No		2	
237	Spectrogram 1	2	1561.190370410	1561.340035966	2851.611	8972.142	0.1497	-70.86	7148.438	No		1	
238	Spectrogram 1	2	1561.430742364	1561.566801961	5981.428	9111.245	0.1361	-67.90	7031.250	No		1	
239	Spectrogram 1	2	1648.797840495	1652.598438571	20587.240	83044.475	3.8006	-58.41	39492.188	Yes - DC		2	
240	Spectrogram 1	2	1653.445207906	1657.567813695	19474.416	84157.299	4.1226	-54.11	37734.375	Yes - DC		1	
241	Spectrogram 1	2	1728.096790999	1728.473222551	556.412	24203.917	0.3764	-69.44	2812.500	No		2	
242	Spectrogram 1	2	1779.368845866	1779.545723342	1112.824	11128.238	0.1769	-60.51	2812.500	No		2	Odd
243	Spectrogram 1	2	1781.659182415	1781.745353493	6329.185	15092.673	0.0862	-75.57	7031.250	No		1	
244	Spectrogram 1	2	1781.904089690	1781.963048849	6468.288	7998.421	0.0590	-80.67	7148.438	No		2	
245	Spectrogram 1	2	1811.519695204	1811.710178640	1808.339	19543.968	0.1905	-63.60	2109.375	No		2	
246	Spectrogram 1	2	1830.087920383	1830.201303380	2782.059	9250.348	0.1134	-67.54	3046.875	No		2	
247	Spectrogram 1	2	1830.310151058	1830.387251496	6468.288	9319.899	0.0771	-84.77	7734.375	No		2	
248	Spectrogram 1	2	1830.654835370	1830.745541768	4312.192	8415.730	0.0907	-69.47	5742.188	No		2	
249	Spectrogram 1	2	1831.932505590	1832.054959227	2086.545	8833.039	0.1225	-72.33	3632.812	No		2	
250	Spectrogram 1	2	1832.136594985	1832.236372023	5842.325	9667.657	0.0998	-79.14	7617.188	No		2	
251	Spectrogram 1	2	1833.030053006	1833.297636880	3686.229	9459.002	0.2676	-80.19	6679.688	No		2	
252	Spectrogram 1	2	1838.369016778	1838.496005736	3894.883	9737.208	0.1270	-62.85	6562.500	No		1	
253	Spectrogram 1	2	1838.600318093	1838.686489171	6955.149	9737.208	0.0862	-63.11	8554.688	No		1	
254	Spectrogram 1	2	1839.643441670	1839.716006789	3060.265	8554.833	0.0726	-75.00	3515.625	No		3	
255	Spectrogram 1	2	1839.833925106	1839.938237464	5703.222	8554.833	0.1043	-73.12	6796.875	No		2	
256	Spectrogram 1	2	1842.682043704	1842.790891382	4242.641	8902.590	0.1088	-75.51	5742.188	No		2	
257	Spectrogram 1	2	1842.913345019	1842.985910137	6885.597	8554.833	0.0726	-77.42	7148.438	No		2	
258	Spectrogram 1	2	1856.141975433	1856.386882707	486.860	8554.833	0.2449	-61.71	585.938	na			not sure what this is - don't think its a vocalization
259	Spectrogram 1	2	1857.733872718	1857.974244672	695.515	9667.657	0.2404	-61.74	937.500	na			same as 260
260	Spectrogram 1	2	1910.659556890	1910.863646285	17704.918	118819.672	0.2041	-57.31	34335.938	Yes - DC		1	
261	Spectrogram 1	2	1968.875680973	1969.061629089	16275.048	51050.791	0.1859	-70.75	22851.562	Yes - DC		2	
262	Spectrogram 1	2	1969.106982288	1969.229435926	17526.975	50216.173	0.1225	-72.61	23437.500	Yes - DC		2	
263	Spectrogram 1	2	1970.526537417	1970.667132334	16275.048	53554.645	0.1406	-74.96	26484.375	Yes - DC		2	
