Selection	View	Channel	Begin Time (s)	End Time (s)	Low Freq (Hz)	High Freq (Hz)	Inband Power (dB FS)	Delta Time (s)	Peak Freq (Hz)	SNR	SQ	NLP	BP	DC	FJ	SH	SB	E-Clicks in frame	Notes
1	Spectrogram 1	2	36.657978795	37.002846618	1131.400	11232.900	-67.63	0.3449	5039.062	10.3	2	1	1	0	0	0	0		Not sure
2	Spectrogram 1	2	38.281858511	38.712943289	964.200	12615.400	-67.87	0.4311	4921.875	10	2	0	0	0	0	0	0		
3	Spectrogram 1	2	43.187576334	43.342766854	4017.700	13097.500	-65.64	0.1552	6445.312	19.1	2	0	0	0	0	0	0		
4	Spectrogram 1	2	63.665152256	63.952542108	1044.600	10044.100	-61.09	0.2874	1406.250	16.6	2	0	0	0	0	0	0		
5	Spectrogram 1	2	66.708007727	66.926424014	2892.700	15668.800	-66.58	0.2184	4218.750	17.5	1	0	0	0	0	0	0		
6	Spectrogram 1	2	90.365670139	90.676051179	2089.200	10445.900	-72.59	0.3104	4335.938	11.1	3	0	0	0	0	0	0		
7	Spectrogram 1	2	117.564543237	118.484190763	9240.600	10687.000	-74.61	0.9196	10078.125	9.6		0	0	0	0	0	0		
8	Spectrogram 1	2	120.156637297	121.396139865	5785.400	8308.458	-69.75	1.2395	7968.750	8.8		0	0	0	0	0	0		
9	Spectrogram 1	2	127.667169798	128.454617993	5062.200	20490.000	-74.91	0.7874	11015.625	6.5		0	0	0	0	0	0		
10	Spectrogram 1	2	128.696025469	128.879954974	14785.000	19606.100	-76.48	0.1839	15234.375	15.4		0	0	0	0	0	0		
11	Spectrogram 1	2	128.856963786	129.144353638	12213.700	13660.000	-78.56	0.2874	13125.000	13.8		0	0	0	0	0	0		
12	Spectrogram 1	2	129.448986881	129.742124530	11169.100	13660.000	-76.86	0.2931	11484.375	15.6		0	0	0	0	0	0		
13	Spectrogram 1	2	146.404539441	147.565594443	15909.900	17999.100	-82.29	1.1611	17109.375	14.0		0	0	0	0	0	0		
14	Spectrogram 1	2	147.218849886	148.104010630	9883.400	16151.000	-75.96	0.8852	12539.062	20.4		0	0	0	0	0	0		
15	Spectrogram 1	2	154.318942360	155.525979739	6669.300	8356.700	-71.92	1.2070	7148.438	9.5		0	0	0	0	0	0		
16	Spectrogram 1	2	204.049669323	204.957821255	6990.700	11329.800	-80.13	0.9082	10898.438	9.9		0	0	0	0	0	0		
17	Spectrogram 1	2	215.372691589	215.838263149	11249.400	20249.000	-74.30	0.4656	19687.500	8.6		0	0	0	0	0	0		
18	Spectrogram 1	2	223.237148664	223.593512080	482.100	10847.700	-59.21	0.3564	585.938	15.0		0	0	0	0	0	0		
19	Spectrogram 1	2	249.812669637	250.444927312	6830.000	18159.800	-76.95	0.6323	8437.500	6.9		0	0	0	0	0	0		
20	Spectrogram 1	2	274.841378694	275.588592309	9481.700	17758.000	-75.42	0.7472	10898.438	7.5		0	0	0	0	0	0		
21	Spectrogram 1	2	345.069245258	345.678858345	9950.249	16815.920	-63.13	0.6096	16640.625	18.3		0	0	0	0	0	0		
22	Spectrogram 1	2	361.141931965	367.480143473	2089.200	28846.700	-62.38	6.3382	3750.000			0	0	0	0	0	0		Too many whistles
23	Spectrogram 1	2	373.018116170	373.374479587	5303.300	6106.800	-72.52	0.3564	5859.375	6.1		0	0	0	0	0	0		
24	Spectrogram 1	2	380.496827534	381.129085208	9160.200	15508.100	-69.32	0.6323	11250.000	7.7		0	0	0	0	0	0		
25	Spectrogram 1	2	381.269459977	381.769518319	9963.800	16392.000	-70.36	0.5001	13007.812	6.5		0	0	0	0	0	0		
26	Spectrogram 1	2	384.493168402	385.389824741	9642.400	17436.600	-72.27	0.8967	10195.312	6.7		0	0	0	0	0	0		
27	Spectrogram 1	2	388.242942777	388.682663693	12374.400	18855.721	-73.49	0.4397	18398.438	8.3		0	0	0	0	0	0		
28	Spectrogram 1	2	403.837057684	404.302629245	14142.100	17115.200	-78.38	0.4656	14414.062	10.2		0	0	0	0	0	0		
29	Spectrogram 1	2	431.754816319	436.335810560	5383.700	26114.700	-69.38	4.5810	24023.438			0	0	0	0	0	0		Too many whistles
30	Spectrogram 1	2	463.657658232	464.939416972	8115.700	14865.300	-71.78	1.2818	9609.375	8.0		0	0	0	0	0	0		
31	Spectrogram 1	2	464.663522714	465.255545809	7231.800	15106.400	-66.88	0.5920	10546.875	13.3		0	0	0	0	0	0		
32	Spectrogram 1	2	464.916425784	466.376366232	6267.500	18883.000	-69.56	1.4599	10546.875	10.5		0	0	0	0	0	0		
33	Spectrogram 1	2	468.052619431	468.886050002	6990.700	15026.000	-67.20	0.8334	8671.875	11.8		0	0	0	0	0	0		
34	Spectrogram 1	2	470.335565877	471.692045978	7955.000	15427.800	-75.07	1.3565	11015.625	9.7		0	0	0	0	0	0		
35	Spectrogram 1	2	483.234773952	483.786562468	1044.600	31016.300	-50.02	0.5518	29531.250	19.7		1	0	1	0	0	0		
36	Spectrogram 1	2	488.111755591	488.755508859	964.200	21856.000	-46.90	0.6438	1054.688	22.9		1	0	1	0	0	0		
37	Spectrogram 1	2	674.219959070	674.880955730	723.200	37203.500	-54.29	0.6610	4804.688	11.9		0	0	0	0	0	0		Listen
38	Spectrogram 1	2	118.439103772	118.623986430	5771.144	7263.682	-72.90	0.1849	7031.250	9.6		0	0	0	0	0	0		
39	Spectrogram 1	2	151.531087495	151.895855981	9303.483	11492.537	-73.12	0.3648	9726.562	13.9		0	0	0	0	0	0		
40	Spectrogram 1	2	346.457572923	347.122151124	8507.463	16169.154	-66.53	0.6646	15468.750	7.4		0	0	0	0	0	0		
41	Spectrogram 1	2	682.456343888	684.789862837	7079.796	13548.387	-60.35	2.3335	10195.312	9.1		1	0	0	1	0	0		
42	Spectrogram 1	2	891.215709606	892.084899285	1069.610	23022.071	-50.93	0.8692	1171.875	27.1		1	0	1	0	0	0		
43	Spectrogram 1	2	904.881839093	905.991292585	764.007	29592.530	-49.13	1.1095	820.312	16.0		1	0	1	0	0	0		
44	Spectrogram 1	2	1019.128572453	1019.941229469	18947.368	20373.514	-86.03	0.8127	19804.688	9.6		0	0	0	0	0	0		
45	Spectrogram 1	2	1047.317657415	1050.328021667	254.669	29235.993	-52.56	3.0104	3984.375	15.4		1	0	1	0	0	0		
46	Spectrogram 1	2	1054.664797180	1055.046392649	15789.474	18641.766	-79.68	0.3816	17695.312	8.3		0	0	0	0	0	0		
47	Spectrogram 1	2	1066.503367265	1066.913229064	865.874	7589.134	-57.31	0.4099	3398.438	6.0		0	0	0	0	0	0		
48	Spectrogram 1	2	1074.334333620	1075.005658982	662.139	20628.183	-46.92	0.6713	1523.438	10.6		1	0	1	0	0	0		
49	Spectrogram 1	2	1106.779980486	1106.977844803	560.272	3616.299	-61.75	0.1979	585.938	7.7		0	0	0	0	0	0		
50	Spectrogram 1	2	1143.756381087	1144.936500406	865.874	21188.455	-51.42	1.1801	3398.438	19.9		0	0	0	0	0	0		
51	Spectrogram 1	2	1148.713059685	1150.670503107	662.139	22156.197	-54.14	1.9574	3515.625	10.6		0	0	0	0	0	0		
52	Spectrogram 1	2	1275.530795937	1275.968924068	12682.513	14872.666	-77.72	0.4381	13007.812	15.3		1	0	0	1	0	0		
53	Spectrogram 1	2	1285.027140709	1286.171927114	14516.129	18896.435	-79.04	1.1448	14765.625	15.3		0	0	0	0	0	0		
54	Spectrogram 1	2	1381.710876998	1382.050072970	662.139	2648.557	-57.52	0.3392	703.125	10.2		0	0	0	0	0	0		
55	Spectrogram 1	2	2410.278310087	2410.737637966	562.181	16354.344	-59.03	0.4593	6796.875	15.7		1	0	1	0	0	0		
56	Spectrogram 1	2	2415.364515163	2415.781443545	817.717	17989.779	-62.54	0.4169	6093.750	9.8		1	0	1	0	0	0		
57	Spectrogram 1	2	2610.120906487	2610.509568538	766.610	22998.296	-56.06	0.3887	9726.562	22.9		1	1	0	0	0	0		Double Check
58	Spectrogram 1	2	2687.000169438	2688.554817643	8330.494	20698.467	-75.35	1.5546	10195.312	9.9		0	0	0	0	0	0		
59	Spectrogram 1	2	71.758247129	72.333117749	9859.089	84367.941	-37.59	0.5749	60000.000	1		1	0	1	0	0	0		
60	Spectrogram 1	2	81.956009029	82.414450157	12768.328	84529.565	-35.81	0.4584	35976.562	1		1	0	1	0	0	0		
61	Spectrogram 1	2	120.302885754	123.380990469	16808.938	84529.565	-47.93	3.0781	30820.312	1		1	0	1	0	0	0		
